activation_code: 2f94341f304510937c221942fe9048c00e1a185703b7f87fdd5f2acfdc2a119f
created: 2021-07-28 09:46:36.7415216 -0700 PDT m=+0.002939301
